[base]
package = ocean
env_name = puffer_breakout
policy_name = Policy
rnn_name = Recurrent

[vec]
num_envs = 8

[env]
num_envs = 1024
frameskip = 4

[policy]
hidden_size = 128

[rnn]
input_size = 128
hidden_size = 128

[train]
total_timesteps = 118_000_000
adam_beta1 = 0.9490961681867929
adam_beta2 = 0.925618765036101
adam_eps = 9.29138831227431e-9
batch_size = auto
bptt_horizon = 64
clip_coef = 0.26122404979980596
ent_coef = 0.019349123652420117
gae_lambda = 0.5999999999999999
gamma = 0.9926994773191551
learning_rate = 0.027309831954244614
max_grad_norm = 0.7542006454780645
minibatch_size = 16384
prio_alpha = 0.9853946936922242
prio_beta0 = 0.8578328057521041
vf_clip_coef = 4.0835397413945875
vf_coef = 3.7559812242619097
vtrace_c_clip = 0.7169018816703387
vtrace_rho_clip = 2.0021983965620134

[sweep.train.total_timesteps]
distribution = log_normal
min = 3e7
max = 2e8
mean = 8e7
scale = auto

[sweep.env.frameskip]
distribution = int_uniform
min = 1
max = 8
mean = 4
scale = 2.0
