[base]
package = ocean
env_name = puffer_connect4
policy_name = Policy
rnn_name = Recurrent

[env]
num_envs = 1024

[vec]
num_envs = 8

[train]
total_timesteps = 22_000_000
adam_beta1 = 0.7332525176640032
adam_beta2 = 0.9992588002434659
adam_eps = 0.0001
clip_coef = 0.3344358533613167
ent_coef = 0.00004214003802569246
gae_lambda = 0.8969790930039623
gamma = 0.9945932652529774
learning_rate = 0.1
max_grad_norm = 1.0219144411399215
minibatch_size = 32768
prio_alpha = 0.9057091953725436
prio_beta0 = 0.6320607520016285
vf_clip_coef = 1.9948775471721416
vf_coef = 2.3734839181925462
vtrace_c_clip = 0.5659747235622431
vtrace_rho_clip = 1.4499061438546799

[sweep.train.total_timesteps]
distribution = log_normal
min = 1e7
max = 2e8
mean = 3e7
scale = 0.5
