[base]
package = ocean
env_name = puffer_enduro 
policy_name = Policy
rnn_name = Recurrent

[env]
num_envs = 1024

[vec]
num_envs = 1

[train]
total_timesteps = 400_000_000
adam_beta1 = 0.9602226117399812
adam_beta2 = 0.999983918771099
adam_eps = 2.109767652202695e-9
bptt_horizon = 64
clip_coef = 0.5716251062832933
ent_coef = 0.009778379693175061
gae_lambda = 0.9924829173144767
gamma = 0.9433427558493771
learning_rate = 0.014263349414255656
max_grad_norm = 0.42249653686869115
max_minibatch_size = 32768
minibatch_size = 65536
prio_alpha = 0.22253503344197678
prio_beta0 = 0.7866639848626998
vf_clip_coef = 0.01
vf_coef = 3.2952964839081016
vtrace_c_clip = 3.060525785199293
vtrace_rho_clip = 5

[sweep]
metric = days_completed

[sweep.train.total_timesteps]
distribution = log_normal
min = 5e7
max = 4e8
mean = 2e8
scale = auto
