[base]
package = ocean
env_name = puffer_g2048
policy_name = G2048

[env]
num_envs = 4024

[train]
total_timesteps = 10_000_000_000 #4.6B
adam_beta1 = 0.8081024539479613
adam_beta2 = 0.9978536811174212
adam_eps = 1.4542006937471102e-9
bptt_horizon = 64
clip_coef = 0.095627870395359
ent_coef = 0.08439222625935798
gae_lambda = 0.9155041484587568
gamma = 0.9661669903070148
learning_rate = 0.0014756768275156805
max_grad_norm = 0.8813109722891985
minibatch_size = 32768
prio_alpha = 0.565686548517019
prio_beta0 = 0.811234742153397
vf_clip_coef = 0.1
vf_coef = 2.2900867366155664
vtrace_c_clip = 0
vtrace_rho_clip = 0.8647738667214979