[base]
package = ocean
env_name = puffer_g2048
policy_name = Policy
rnn_name = Recurrent

[policy]
hidden_size = 128

[rnn]
input_size = 128
hidden_size = 128

[vec]
num_envs = 4

[env]
num_envs = 4096

[train]
total_timesteps = 5_000_000_000
adam_beta1 = 0.9529488439604378
adam_beta2 = 0.9993901829477296
adam_eps = 2.745365927413118e-7
bptt_horizon = 64
clip_coef = 0.596573170393339
ent_coef = 0.02107417730003862
gae_lambda = 0.9940613415815854
gamma = 0.9889857974154952
#learning_rate = 0.0032402460796988127
learning_rate = 0.001
max_grad_norm = 1.0752406726589745
minibatch_size = 16384
prio_alpha = 0.25297099593586336
prio_beta0 = 0.940606268942572
vf_clip_coef = 0.1
vf_coef = 1.6362878279900643
vtrace_c_clip = 0
vtrace_rho_clip = 1.2917509971869054
anneal_lr = False
