[base]
package = ocean
env_name = puffer_g2048
policy_name = Policy
rnn_name = Recurrent

[env]
num_envs = 4024

[train]
total_timesteps = 20_00_000_000
adam_beta1 = 0.5686370767889766
adam_beta2 = 0.9999454817221638
adam_eps = 2.007252656207671e-12
bptt_horizon = 64
clip_coef = 0.17930104885238807
ent_coef = 0.0018946598458748304
gae_lambda = 0.9831319174802507
gamma = 0.9980351741863737
learning_rate = 0.0031603809039284864
max_grad_norm = 1.320177349287771
minibatch_size = 32768
prio_alpha = 0.6979639079178326
prio_beta0 = 0.5614257332458639
vf_clip_coef = 1.1755607092687304
vf_coef = 1.6195967557187005
vtrace_c_clip = 0
vtrace_rho_clip = 4.060318960532289