[base]
package = ocean
env_name = puffer_grid
policy_name = Policy
rnn_name = Recurrent

[vec]
num_envs = 8

[policy]
hidden_size = 512

[rnn]
input_size = 512
hidden_size = 512

[env]
max_size = 47
num_envs = 1024
num_maps = 4096

[train]
total_timesteps = 435_000_000
adam_beta1 = 0.9801350114303844
adam_beta2 = 0.9931056135397744
adam_eps = 6.024885743259763e-8
clip_coef = 0.283658795325587
ent_coef = 0.007885530106105381
gae_lambda = 0.9574676436577135
gamma = 0.9961782334639131
learning_rate = 0.0007890771333884192
max_grad_norm = 2.5271346931510053
minibatch_size = 8192
prio_alpha = 0.8735470630752789
prio_beta0 = 0.6533958384978629
vf_clip_coef = 1.9338563232919095
vf_coef = 3.915248046963283
vtrace_c_clip = 1.018588814067991
vtrace_rho_clip = 2.4215244529216466

[sweep.train.total_timesteps]
distribution = log_normal
min = 3e8
max = 6e8
mean = 3e8
scale = time
