[base]
package = ocean
env_name = puffer_pacman
policy_name = Policy
rnn_name = Recurrent

[vec]
num_envs = 8

[env]
num_envs = 1024
randomize_starting_position = 1 

[train]
total_timesteps = 110_000_000
adam_beta1 = 0.9038605017693528
adam_beta2 = 0.9974184818428597
adam_eps = 0.000023302187415940045
bptt_horizon = 64
clip_coef = 0.08819998793159559
ent_coef = 0.003877776836171818
gae_lambda = 0.9548561279014964
gamma = 0.9808956918725869
learning_rate = 0.07834293253084383
max_grad_norm = 1.4336515067572169
minibatch_size = 32768
prio_alpha = 0.912262602688309
prio_beta0 = 0.8868847849454541
vf_clip_coef = 0.2143010707893266
vf_coef = 0.31518694995467555
vtrace_c_clip = 0.30575543665366217
vtrace_rho_clip = 1.5301756939690652

