[base]
package = ocean
env_name = puffer_pong 
policy_name = Policy
rnn_name = Recurrent

[vec]
num_envs = 4

[env]
num_envs = 1024 
frameskip = 8

[train]
total_timesteps = 12_000_000
adam_beta1 = 0.9766295300012044
adam_beta2 = 0.9998113167362397
adam_eps = 6.301709731262074e-9
bptt_horizon = 64
clip_coef = 0.22131450913204256
ent_coef = 0.0020310049268479863
gae_lambda = 0.8854219852971792
gamma = 0.9608378504980243
learning_rate = 0.07109386062895108
max_grad_norm = 1.7820203601055993
minibatch_size = 32768
prio_alpha = 0.09999999999999998
prio_beta0 = 0.7475661360032159
vf_clip_coef = 2.7025841941932303
vf_coef = 1.9960893747329385
vtrace_c_clip = 1.0873122745787867
vtrace_rho_clip = 2.784150207139061

[sweep.train.total_timesteps]
distribution = log_normal
min = 1e7
max = 2e8
mean = 8e7
scale = auto

[sweep.env.frameskip]
distribution = int_uniform
min = 1
max = 8
mean = 4
scale = 2.0
