[base]
package = ocean
env_name = puffer_terraform
policy_name = Terraform
rnn_name = Recurrent

[vec]
num_envs = 16

[env]
num_envs = 32
num_agents = 32
#reset_frequency = 5550
#reward_scale = 1.0

[policy]
hidden_size = 256

[rnn]
input_size = 256
hidden_size = 256

[train]
total_timesteps = 150_000_000
adam_beta1 = 0.8946507418260217
adam_beta2 = 0.9
adam_eps = 0.0001
batch_size = auto
bptt_horizon = 64
clip_coef = 0.19696765958267629
ent_coef = 0.0005690816545012474
gae_lambda = 0.747650023961198
gamma = 0.9997053654668936
learning_rate = 0.024482546441415506
max_grad_norm = 2.2356112188495723
minibatch_size = 32768
prio_alpha = 0.98967001208896
prio_beta0 = 0.09999999999999998
vf_clip_coef = 2.178492167689251
vf_coef = 1.6832989594296321
vtrace_c_clip = 2.878171091654008
vtrace_rho_clip = 0.7876748061547312

[sweep.train.total_timesteps]
distribution = log_normal
min = 5e7
max = 3e8
mean = 1e8
scale = time
