[base]
package = ocean
env_name = puffer_tripletriad
policy_name = Policy
rnn_name = Recurrent

[env]
num_envs = 1024

[vec]
num_envs = 8

[train]
total_timesteps = 90_000_000
adam_beta1 = 0.7981368321192308
adam_beta2 = 0.999090481991715
adam_eps = 4.01079163473564e-11
bptt_horizon = 64
clip_coef = 0.17476987410661707
ent_coef = 0.0014372422801295374
gae_lambda = 0.9669268540082449
gamma = 0.9630264109608984
learning_rate = 0.012643015319136013
max_grad_norm = 2.147693140220892
minibatch_size = 32768
prio_alpha = 0.8900162194304431
prio_beta0 = 0.7219100675402605
vf_clip_coef = 0.6783254813227176
vf_coef = 2.2960253773389976
vtrace_c_clip = 1.5783374218418498
vtrace_rho_clip = 1.5112577383877923

[sweep.train.total_timesteps]
distribution = log_normal
min = 5e7
max = 2e8
mean = 1e8
scale = 0.25
