
[base]
package = mani_skill
env_name = mani_pickcube mani_pushcube mani_stackcube mani_peginsertion
policy_name = Policy
rnn_name = Recurrent

[env]
num_envs = 4096
sim_steps_per_control = 5
control_freq = 100
solver_position_iterations = 15

[vec]
backend = PufferEnv
num_envs = 1

[train]
total_timesteps = 15_000_000
adam_beta1 = 0.9832254546070032
adam_beta2 = 0.9996089758513379
adam_eps = 0.0000024542110227211678
bptt_horizon = 64
clip_coef = 0.6609987983481933
ent_coef = 0.001194131610607018
gae_lambda = 0.968478898646462
gamma = 0.8880001899050386
learning_rate = 0.04729013902338006
max_grad_norm = 1.9301595176438802
minibatch_size = 32768
prio_alpha = 0.9531362058849446
prio_beta0 = 0.8285186322612919
vf_clip_coef = 0.2581908677409054
vf_coef = 2.6102252379894217
vtrace_c_clip = 2.008516783867587
vtrace_rho_clip = 0.7482202150166445

[sweep]
method = Protein 
metric = success_once
downsample = 0

[sweep.train.total_timesteps]
distribution = log_normal
min = 2e7
max = 5e7
mean = 4e7
scale = time

[sweep.env.sim_steps_per_control]
distribution = int_uniform
min = 1
max = 10
mean = 5
scale = auto

[sweep.env.control_freq]
distribution = int_uniform
min = 10
max = 100
mean = 20
scale = auto

[sweep.env.solver_position_iterations]
distribution = int_uniform
min = 4
max = 30
mean = 15
scale = auto
