
[base]
package = mani_skill
env_name = mani_pickcube mani_pushcube mani_peginsertion
policy_name = Policy
rnn_name = Recurrent

[env]
num_envs = 4096

[vec]
backend = PufferEnv
num_envs = 1

[train]
total_timesteps = 100_000_000
adam_beta1 = 0.9832254546070032
adam_beta2 = 0.9996089758513379
adam_eps = 0.0000024542110227211678
bptt_horizon = 64
clip_coef = 0.6609987983481933
ent_coef = 0.001194131610607018
gae_lambda = 0.968478898646462
gamma = 0.8880001899050386
learning_rate = 0.04729013902338006
max_grad_norm = 1.9301595176438802
minibatch_size = 32768
prio_alpha = 0.9531362058849446
prio_beta0 = 0.8285186322612919
vf_clip_coef = 0.2581908677409054
vf_coef = 2.6102252379894217
vtrace_c_clip = 2.008516783867587
vtrace_rho_clip = 0.7482202150166445

[sweep]
method = Protein 
metric = success_once
downsample = 0

[sweep.train.total_timesteps]
distribution = log_normal
min = 5e6
max = 15e6
mean = 10e6
scale = time


